Am 0
S 3 1.00
0.77333878E+01 -0.11369396E+00
0.51555919E+01 0.53698893E+00
0.27396804E+01 -0.10252534E+01
S 2 1.00
0.65062934E+00 0.97933917E+00
0.31562238E+00 0.39016530E+00
S 1 1.00
0.88755727E-01 1.0
S 1 1.00
0.34674293E-01 1.0
P 3 1.00
0.37279947E+01 0.14169370E+00
0.24853298E+01 -0.38016324E+00
0.78583367E+00 0.44009387E+00
P 2 1.00
0.42375973E+00 0.51459824E+00
0.21880801E+00 0.21398913E+00
P 1 1.00
0.96512393E-01 1.0
D 3 1.00
0.12953909E+01 -0.15013918E+00
0.86359393E+00 0.28156963E+00
0.35515448E+00 0.43796044E+00
D 1 1.00
0.16132963E+00 1.0
D 1 1.00
0.65159724E-01 1.0