Cm 0
S 3 1.00
0.68102698E+01 -0.12836357E+00
0.45401797E+01 0.86858756E+00
0.30267863E+01 -0.13042243E+01
S 1 1.00
0.66433143E+00 1.0
S 1 1.00
0.30801141E+00 1.0
S 1 1.00
0.86441297E-01 1.0
S 1 1.00
0.33386632E-01 1.0
P 3 1.00
0.39781110E+01 0.12396243E+00
0.26520568E+01 -0.33404325E+00
0.76630206E+00 0.46142147E+00
P 1 1.00
0.39222134E+00 1.0
P 1 1.00
0.19459026E+00 1.0
P 1 1.00
0.88250661E-01 1.0
D 2 1.00
0.13687442E+01 -0.12406322E+00
0.91249616E+00 0.23620070E+00
D 1 1.00
0.35688756E+00 1.0
D 1 1.00
0.15000000E+00 1.0
D 1 1.00
0.57094815E-01 1.0
F 1 1.00
0.93379079 1.0
F 1 1.00
0.30042545 1.0